                         [0;38;2;131;101;34m··[0;1;38;2;131;101;34m·[0;38;2;131;101;34m·[0;1;38;2;131;101;34m·[0;38;2;144;112;37m·[0;38;2;131;101;34m·[0;1;38;2;131;101;34m·[0m                         [0m
                    [0;38;2;130;100;34m·[0;38;2;130;101;34m·[0;1;38;2;144;111;37m·[0;38;2;158;123;41m-[0;1;38;2;144;112;37m*[0;38;2;144;112;37m+[0;38;2;158;123;41m*[0;1;38;2;217;170;53m%[0;38;2;218;171;54m@[0;38;2;219;173;55m@[0;38;2;219;174;55m@[0;1;38;2;220;174;55m%[0;38;2;158;123;41m*[0;38;2;131;101;34m+[0;1;38;2;131;101;34m*[0;38;2;158;123;41m-[0;38;2;131;101;34m··[0m                    [0m
                 [0;1;38;2;130;100;34m.[0;38;2;130;100;34m·[0;38;2;144;111;37m·[0;1;38;2;131;101;34m-*[0;38;2;158;123;41m+*[0;1;38;2;230;186;62m##[0;1;38;2;230;187;63m#[0;1;38;2;224;179;58m#[0;1;38;2;225;180;59m@[0;1;38;2;231;188;65m@[0;1;38;2;227;182;60m@[0;1;38;2;227;183;60m@[0;1;38;2;232;189;66m@[0;1;38;2;221;175;56m@[0;1;38;2;232;189;65m#[0;1;38;2;232;189;66m#[0;1;38;2;158;123;41m*[0;38;2;158;123;41m+[0;38;2;131;101;34m*[0;1;38;2;131;101;34m-[0;38;2;131;101;34m·[0m                 [0m
                [0;38;2;130;100;34m·[0;1;38;2;130;100;34m-[0;38;2;144;111;37m*[0;38;2;158;123;41m*[0;1;38;2;158;123;41m*[0;1;38;2;226;182;60m#[0;1;38;2;229;185;61m#[0;1;38;2;231;187;63m#[0;1;38;2;231;188;65m#[0;38;2;226;182;60m@@[0;38;2;220;175;56m@[0;1;38;2;232;189;66m@[0;38;2;232;190;67m@[0;38;2;229;185;61m@[0;38;2;224;179;58m@[0;38;2;234;192;70m@[0;38;2;224;179;58m@[0;1;38;2;234;192;70m@[0;38;2;230;186;62m@[0;1;38;2;231;187;63m@[0;1;38;2;231;188;64m@[0;1;38;2;235;194;72m#[0;1;38;2;234;193;71m#[0;38;2;158;123;41m+[0;38;2;144;112;37m*[0;1;38;2;131;101;34m·[0m               [0m
              [0;38;2;129;100;34m·[0;1;38;2;130;100;34m·[0;38;2;144;111;37m*+[0;1;38;2;158;123;41m*[0;1;38;2;225;181;59m#[0;1;38;2;227;183;60m#[0;1;38;2;229;185;62m@[0;1;38;2;231;188;64m@[0;38;2;227;182;60m@[0;1;38;2;228;184;61m@[0;1;38;2;222;177;57m@[0;1;38;2;232;190;67m@[0;38;2;222;176;57m@[0;38;2;228;184;61m@[0;38;2;234;192;70m@[0;38;2;231;187;64m@[0;1;38;2;231;188;65m@[0;1;38;2;236;195;74m@[0;38;2;227;182;60m@[0;1;38;2;231;188;65m@[0;1;38;2;235;195;73m@[0;1;38;2;232;189;66m@[0;1;38;2;232;188;66m@[0;1;38;2;235;194;74m@[0;1;38;2;234;193;72m@[0;1;38;2;233;191;70m#[0;1;38;2;233;190;68m#[0;38;2;158;123;41m*[0;38;2;131;101;34m*[0;38;2;144;112;37m·[0m             [0m
            [0;38;2;129;99;33m,[0;1;38;2;129;100;34m·[0;38;2;130;100;34m*[0;38;2;157;122;41m+[0;1;38;2;158;123;41m*[0;1;38;2;225;181;59m#[0;1;38;2;227;183;60m#[0;1;38;2;228;184;61m#[0;1;38;2;230;186;62m#[0;1;38;2;225;180;59m#[0;1;38;2;232;189;66m#[0;1;38;2;233;191;68m#[0;1;38;2;233;192;69m#[0;38;2;230;186;62m@[0;38;2;229;185;62m@[0;38;2;224;179;58m@[0;38;2;234;193;71m@[0;38;2;235;195;73m@[0;38;2;228;184;61m@[0;38;2;230;185;62m@[0;38;2;233;192;69m@[0;38;2;229;185;62m@[0;38;2;233;190;68m@[0;38;2;231;189;67m@@@[0;38;2;226;182;60m@[0;38;2;234;193;73m@[0;38;2;230;185;64m@[0;1;38;2;233;191;70m#[0;1;38;2;233;192;70m#[0;1;38;2;233;192;71m#[0;38;2;158;123;41m+[0;38;2;144;112;37m*[0;1;38;2;131;101;34m·[0m           [0m
           [0;1;38;2;129;99;33m·[0;1;38;2;129;100;34m·[0;38;2;130;100;34m*[0;1;38;2;144;111;37m*[0;1;38;2;158;123;41m*[0;1;38;2;131;101;34m*[0;38;2;144;112;37m*[0;38;2;131;101;34m*[0;38;2;144;112;37m*[0;38;2;131;101;34m*[0;38;2;158;123;41m*[0;38;2;144;112;37m*[0;38;2;158;123;41m+**[0;1;38;2;158;123;41m*[0;1;38;2;235;195;73m#[0;1;38;2;236;196;75m#[0;38;2;237;198;77m@[0;1;38;2;234;193;71m@[0;1;38;2;231;188;64m@[0;1;38;2;239;201;81m@[0;1;38;2;234;192;71m@[0;1;38;2;236;197;78m@[0;1;38;2;232;188;68m@[0;1;38;2;230;188;66m@[0;1;38;2;230;187;66m@@[0;1;38;2;229;185;65m@[0;1;38;2;233;191;72m@[0;1;38;2;229;185;64m@[0;1;38;2;224;179;59m@[0;1;38;2;234;193;72m@[0;1;38;2;235;194;73m#[0;1;38;2;235;194;74m#[0;38;2;158;123;41m+[0;38;2;131;101;34m·[0m          [0m
          [0;38;2;129;99;33m·[0;1;38;2;129;100;34m·[0;38;2;130;100;34m**[0;38;2;131;101;34m***[0;1;38;2;131;101;34m·[0;38;2;131;101;34m·······[0;38;2;144;112;37m·[0;1;38;2;158;123;41m·[0;38;2;158;123;41m++[0;1;38;2;158;123;41m*[0;1;38;2;240;202;82m#[0;1;38;2;240;203;83m#[0;1;38;2;240;201;83m@[0;38;2;230;187;64m@[0;1;38;2;233;190;69m@[0;1;38;2;231;188;67m@[0;1;38;2;234;193;74m@[0;1;38;2;225;180;60m@[0;1;38;2;232;190;73m@[0;38;2;227;183;65m@[0;1;38;2;227;184;64m@[0;1;38;2;228;183;65m@[0;1;38;2;229;184;65m@[0;1;38;2;230;186;65m@[0;1;38;2;234;193;74m@[0;1;38;2;231;188;66m@[0;1;38;2;234;194;73m#[0;38;2;158;123;41m*[0;38;2;131;101;34m·[0m         [0m
         [0;38;2;129;99;33m·[0;1;38;2;143;110;37m·[0;38;2;130;100;34m**[0;38;2;131;101;34m*··[0m           [0;38;2;131;101;34m··[0;1;38;2;144;112;37m·[0;38;2;144;112;37m+[0;38;2;158;123;41m+[0;1;38;2;158;123;41m*[0;1;38;2;238;200;81m#[0;38;2;229;185;63m@[0;1;38;2;230;188;68m@[0;1;38;2;229;185;67m@[0;1;38;2;228;184;66m@[0;38;2;227;182;65m@[0;38;2;229;186;72m@[0;1;38;2;222;175;60m@[0;1;38;2;226;181;64m@[0;38;2;223;176;59m@[0;1;38;2;232;190;72m@[0;1;38;2;226;180;60m@[0;1;38;2;234;194;74m@[0;38;2;231;188;66m@[0;1;38;2;235;194;73m#[0;38;2;158;123;41m+[0;38;2;131;101;34m·[0m        [0m
         [0;38;2;129;99;33m·[0;1;38;2;129;100;34m·[0;38;2;130;100;34m·[0;38;2;130;101;34m·[0;38;2;131;101;34m·[0m                [0;1;38;2;131;101;34m·[0;1;38;2;158;123;41m·[0;38;2;144;112;37m+[0;38;2;158;123;41m+[0;1;38;2;158;123;41m*[0;1;38;2;235;195;78m#[0;38;2;225;181;62m@[0;38;2;227;183;67m@[0;38;2;225;180;66m@[0;38;2;227;184;71m%[0;38;2;224;178;63m@[0;38;2;225;179;63m@[0;38;2;221;175;59m@[0;38;2;228;183;64m@[0;38;2;233;192;73m@[0;38;2;231;188;67m@[0;38;2;232;190;68m@[0;38;2;235;196;75m@[0;1;38;2;235;195;74m#[0;38;2;158;123;41m*[0;38;2;131;101;34m·[0m       [0m
         [0;38;2;129;100;34m·[0;38;2;130;100;34m··[0m                    [0;38;2;131;101;34m·[0;38;2;144;112;37m·[0;38;2;131;101;34m*[0;38;2;158;123;41m*[0;1;38;2;233;193;78m#[0;38;2;227;183;68m%[0;1;38;2;226;180;66m@[0;1;38;2;227;184;71m@[0;1;38;2;224;178;64m%[0;1;38;2;225;179;63m@[0;1;38;2;226;181;63m@[0;1;38;2;228;183;64m@[0;1;38;2;230;187;67m@[0;1;38;2;236;196;77m@[0;1;38;2;233;192;70m@[0;38;2;237;198;78m@[0;1;38;2;233;191;68m@[0;1;38;2;236;195;74m#[0;38;2;158;123;41m+[0;38;2;131;101;34m·[0m      [0m
                                  [0;38;2;131;101;34m·[0;1;38;2;158;123;41m·[0;38;2;158;123;41m+[0;1;38;2;158;123;41m*[0;1;38;2;231;189;76m%[0;38;2;229;187;74m@[0;1;38;2;225;181;66m@[0;1;38;2;230;187;73m%[0;38;2;228;183;66m@[0;38;2;233;192;75m@[0;1;38;2;235;196;78m@[0;38;2;237;198;80m@[0;1;38;2;234;194;73m@[0;38;2;235;193;72m@[0;1;38;2;234;192;70m@[0;38;2;236;197;75m@[0;1;38;2;235;194;73m#[0;38;2;158;123;41m+[0m      [0m
                                   [0;1;38;2;131;101;34m·[0;1;38;2;158;123;41m·[0;38;2;158;123;41m*[0;1;38;2;158;123;41m*[0;38;2;230;187;71m@[0;1;38;2;229;187;70m@[0;1;38;2;230;187;69m@[0;38;2;231;188;70m@[0;1;38;2;235;196;80m@[0;1;38;2;234;192;73m@[0;1;38;2;235;194;74m@[0;38;2;235;195;75m@[0;1;38;2;239;201;82m@[0;1;38;2;234;193;70m@[0;1;38;2;232;190;67m@[0;1;38;2;235;194;73m#[0;38;2;158;123;41m*[0;38;2;131;101;34m·[0m     [0m
                                     [0;1;38;2;131;101;34m·[0;38;2;158;123;41m+[0;1;38;2;158;123;41m*[0;1;38;2;238;200;85m@[0;1;38;2;233;193;75m@[0;38;2;230;187;67m@[0;1;38;2;234;193;74m@[0;38;2;239;201;83m@[0;38;2;239;202;84m@[0;38;2;235;194;74m@[0;38;2;234;194;73m@[0;38;2;234;191;70m@[0;38;2;236;197;75m@[0;1;38;2;231;188;64m@[0;1;38;2;234;193;71m#[0;38;2;158;123;41m+[0;1;3;38;2;131;101;34m·[0m    [0m
     [0;38;2;46;106;183m.[0;1;38;2;50;113;192m.[0m         [0;38;2;40;94;168m.[0;1;38;2;41;96;171m.[0m                    [0;38;2;144;112;37m·[0;38;2;158;123;41m+[0;1;38;2;241;206;90m#[0;1;38;2;237;197;79m@[0;38;2;232;189;69m@[0;1;38;2;238;201;84m@[0;1;38;2;233;192;74m@[0;38;2;234;192;73m@[0;38;2;233;192;72m@[0;1;38;2;233;192;71m@[0;1;38;2;233;191;69m@[0;38;2;235;196;76m@[0;1;38;2;232;189;65m@[0;1;38;2;231;188;64m@[0;38;2;158;123;41m*[0;38;2;144;112;37m·[0m    [0m
    [0;1;3;38;2;51;115;194m·[0;1;38;2;56;121;200m-[0;1;38;2;60;125;203m.[0;1;38;2;60;126;203m-[0;1;3;38;2;58;123;201m·[0m      [0;38;2;43;99;175m·[0;1;38;2;47;107;184m-[0;1;38;2;51;115;194m-[0;3;38;2;57;122;200m·[0m                   [0;38;2;131;101;34m·[0;1;38;2;158;123;41m·[0;38;2;158;123;41m+[0;1;38;2;237;199;81m%[0;1;38;2;235;195;76m@[0;38;2;236;197;81m@[0;1;38;2;231;188;70m@[0;38;2;230;187;69m@[0;38;2;227;182;62m@[0;38;2;231;188;69m@[0;38;2;231;189;68m@[0;38;2;236;195;75m@[0;1;38;2;231;188;66m@[0;38;2;232;189;66m@[0;1;38;2;231;188;65m%[0;38;2;158;123;41m*[0;1;38;2;131;101;34m.[0m   [0m
    [0;38;2;89;161;230m.[0;1;38;2;77;146;218mN[0;1;38;2;72;140;214mM[0;1;38;2;65;132;208mN[0;38;2;69;137;212m:[0m      [0;38;2;84;155;225m:[0;1;38;2;77;147;219mN[0;1;38;2;78;147;220mM[0;1;38;2;48;109;187mN[0;38;2;51;115;194m:[0m                   [0;1;38;2;131;101;34m·[0;38;2;144;112;37m*[0;1;38;2;233;191;72m%[0;1;38;2;233;192;74m@[0;1;38;2;230;187;70m@[0;1;38;2;231;190;74m@[0;1;38;2;227;182;65m@[0;1;38;2;227;183;66m@[0;1;38;2;228;185;67m@[0;1;38;2;227;182;61m@[0;1;38;2;235;195;76m@[0;1;38;2;227;183;61m@[0;1;38;2;232;188;66m@[0;1;38;2;231;188;65m%[0;38;2;158;123;41m*[0;1;38;2;131;101;34m·[0m   [0m
   [0;1;38;2;55;119;198m-[0;1;38;2;67;134;210mN[0;1;3;38;2;60;125;203mm[0;1;38;2;53;117;197mm[0;1;38;2;50;112;192mN[0;1;38;2;38;92;165m-[0m      [0;1;38;2;57;122;201m-[0;1;38;2;70;138;213mN[0;1;38;2;64;130;207mM[0;1;38;2;57;122;200mm[0;1;38;2;51;115;195mN[0;1;38;2;38;92;165m-[0m                   [0;1;38;2;144;112;37m·[0;1;38;2;131;101;34m*[0;1;38;2;232;190;73m%[0;38;2;228;185;68m@[0;38;2;226;181;65m%[0;38;2;225;180;64m@[0;1;38;2;226;181;65m@[0;38;2;227;183;67m@[0;1;38;2;229;187;67m@[0;38;2;231;188;68m@[0;38;2;227;183;61m@[0;1;38;2;232;188;66m@[0;1;38;2;231;188;64m@[0;1;38;2;158;123;41m*[0;1;38;2;131;101;34m·[0m   [0m
   [0;3;38;2;65;132;208m·[0;1;38;2;50;113;192mm[0;1;38;2;49;111;189mИ[0;1;38;2;50;112;191mM[0;1;38;2;54;118;198mM[0;1;38;2;61;127;204mM[0;1;38;2;110;181;241mN[0;1;38;2;85;156;226m.[0m   [0;1;3;38;2;49;110;189m·[0;1;38;2;38;91;164mN[0;1;38;2;52;116;196mM[0;1;38;2;50;112;191mM[0;1;38;2;49;111;189mM[0;1;38;2;50;113;192mW[0;1;38;2;65;131;207m.[0m                   [0;1;38;2;144;112;37m·[0;38;2;131;101;34m*[0;1;38;2;228;185;66m%[0;38;2;229;186;69m@[0;38;2;227;183;66m@[0;1;38;2;226;182;66m%[0;38;2;227;183;66m@[0;38;2;229;185;68m@[0;1;38;2;227;182;61m@[0;38;2;235;195;76m@[0;38;2;227;182;60m@[0;38;2;226;181;59m@[0;1;38;2;234;193;71m@[0;1;38;2;224;178;58m%[0;38;2;144;112;37m·[0m   [0m
   [0;1;38;2;38;91;164m:[0;1;38;2;52;115;195mN[0;1;38;2;93;166;233mM[0;1;38;2;100;174;239mm[0;1;3;38;2;71;139;214mИ[0;1;38;2;75;144;217mW[0;1;38;2;112;183;242mV[0;1;38;2;72;141;215mN[0;1;3;38;2;78;148;220m·[0m  [0;38;2;39;92;166m:[0;1;38;2;31;78;147mN[0;1;38;2;49;110;189mM[0;1;38;2;51;114;193mM[0;1;38;2;90;162;231mM[0;1;38;2;61;127;204mW[0;1;38;2;67;134;210mN[0;1;3;38;2;54;118;197m·[0m                  [0;1;38;2;131;101;34m·'[0;1;38;2;230;187;67m%[0;38;2;231;189;72m@[0;1;38;2;230;187;70m@[0;1;38;2;234;192;77m@[0;38;2;227;181;63m@[0;1;38;2;235;194;77m@[0;1;38;2;232;189;69m@[0;38;2;235;195;76m@[0;1;38;2;226;181;60m@[0;1;38;2;231;187;63m@[0;38;2;230;186;62m@[0;1;38;2;223;178;58m%[0;1;38;2;131;101;34m'[0m   [0m
   [0;38;2;73;142;215m.[0;1;38;2;69;136;211mN[0;1;3;38;2;109;181;241mm[0;1;38;2;111;183;242mU[0;1;38;2;109;181;241mm[0;1;38;2;104;177;240mm[0;1;38;2;62;129;206mm[0;1;38;2;56;121;199mN[0;1;38;2;61;127;204m.[0m  [0;38;2;58;123;201m.[0;1;38;2;51;115;194mN[0;1;38;2;56;121;200mM[0;1;38;2;97;171;237mM[0;1;3;38;2;103;176;239mИ[0;1;38;2;72;140;214mm[0;1;38;2;74;143;216mM[0;1;38;2;75;144;217mN[0;1;38;2;84;155;225m.[0m                 [0;1;38;2;131;101;34m·'[0;1;38;2;231;189;68m%[0;1;38;2;231;187;67m@[0;1;38;2;237;199;81m@[0;1;38;2;232;191;72m@[0;1;38;2;233;191;72m@[0;1;38;2;229;186;63m@[0;1;38;2;233;190;69m@[0;1;38;2;231;189;67m@[0;1;38;2;231;188;65m@[0;1;38;2;230;186;63m@[0;1;38;2;224;179;58m@[0;1;38;2;223;178;58m%[0;1;38;2;131;101;34m'[0m   [0m
   [0;1;3;38;2;85;156;226m·[0;1;38;2;73;142;216mW[0;1;3;38;2;106;179;240mИ[0;1;3;38;2;100;174;239mИ[0;1;3;38;2;93;166;234mИ[0;1;38;2;87;159;228mW[0;1;3;38;2;83;153;224mm[0;1;38;2;48;108;186mm[0;3;38;2;56;121;200m·[0m  [0;1;3;38;2;68;135;210m·[0;1;38;2;62;128;205mN[0;1;38;2;67;134;210mM[0;1;38;2;71;139;213mM[0;1;38;2;110;181;241mM[0;1;38;2;110;182;241mW[0;1;38;2;73;141;215mM[0;1;38;2;70;138;212mM[0;1;38;2;66;133;209mN[0;38;2;73;141;215m·[0m                [0;38;2;131;101;34m·*[0;1;38;2;231;189;68m%[0;1;38;2;231;188;67m@[0;38;2;234;193;73m@[0;38;2;234;192;72m@[0;38;2;230;187;64m@[0;38;2;237;199;79m@[0;38;2;230;185;62m@[0;1;38;2;236;196;75m@[0;38;2;226;181;59m@[0;1;38;2;224;179;58m@[0;38;2;230;186;62m@[0;1;38;2;223;178;58m%[0;38;2;131;101;34m*[0m   [0m
   [0;38;2;50;112;191m:[0;1;38;2;61;127;205mN[0;1;38;2;90;162;231mm[0;1;38;2;85;156;226mW[0;1;38;2;81;151;222mm[0;1;38;2;79;149;220mW[0;1;38;2;47;108;185mm[0;1;38;2;49;110;189mW[0;1;38;2;51;115;194mN[0;38;2;43;100;176m.[0m [0;38;2;49;111;190m:[0;1;38;2;70;138;212mN[0;1;38;2;72;141;215mM[0;1;38;2;73;142;215mN[0;1;38;2;109;181;241mM[0;1;3;38;2;106;179;240mW[0;1;38;2;67;134;210mM[0;1;38;2;63;129;206mM[0;1;38;2;59;124;202mN[0;38;2;42;98;173m.[0m                [0;1;38;2;131;101;34m·[0;38;2;158;123;41m+[0;1;38;2;231;187;67m%[0;38;2;238;200;82m@[0;38;2;234;193;72m@[0;38;2;233;192;71m@[0;38;2;234;192;71m@[0;38;2;234;192;70m@[0;38;2;229;185;62m@[0;38;2;232;190;67m@[0;38;2;226;181;59m@[0;1;38;2;224;179;58m@[0;38;2;229;185;62m@[0;1;38;2;223;177;57m%[0;38;2;158;123;41m+[0m   [0m
   [0;1;38;2;64;130;207m.[0;1;38;2;49;112;190mm[0;1;38;2;79;149;221mm[0;1;38;2;78;148;220mm[0;1;3;38;2;79;148;220mN[0;1;38;2;81;151;222mM[0;1;38;2;51;114;193mW[0;1;38;2;55;119;198mW[0;1;38;2;60;125;203mM[0;1;38;2;64;131;207mN[0;38;2;79;149;221m:[0;1;38;2;53;117;196m.[0;1;38;2;83;154;225m.[0;1;38;2;46;106;183mN[0;1;38;2;71;139;213mM[0;1;38;2;104;177;240mN[0;38;2;100;173;238mM[0;1;38;2;96;169;236mm[0;1;38;2;56;121;200mM[0;1;38;2;52;116;196mM[0;1;38;2;50;112;191mN[0;1;38;2;57;122;200m:[0;38;2;36;87;159m.[0m              [0;1;38;2;131;101;34m·[0;38;2;158;123;41m+[0;1;38;2;238;199;80m#[0;1;38;2;238;198;79m@[0;38;2;233;191;70m@[0;38;2;238;198;78m@[0;1;38;2;233;192;69m@[0;38;2;233;192;69m@[0;1;38;2;233;191;68m@[0;38;2;236;196;75m@[0;1;38;2;226;181;59m@[0;38;2;230;186;62m@[0;1;38;2;228;184;61m@[0;38;2;158;123;41m*[0;38;2;131;101;34m·[0m   [0m
   [0;1;38;2;36;87;159m·[0;38;2;28;73;141mN[0;1;38;2;46;106;183mM[0;1;38;2;80;150;221mM[0;1;38;2;83;154;224mM[0;1;38;2;88;159;228mN[0;1;38;2;92;165;233mW[0;1;38;2;62;128;205mm[0;1;38;2;66;133;209mM[0;1;38;2;69;137;211mM[0;1;38;2;71;139;213mN[0;1;38;2;83;153;224m:[0;38;2;53;117;197m·[0;38;2;80;150;222m:[0;1;38;2;66;134;209mN[0;1;38;2;63;129;206mM[0;1;3;38;2;94;167;234mИ[0;1;38;2;90;162;230mm[0;1;38;2;86;157;227mW[0;1;38;2;49;111;190mM[0;1;38;2;48;108;186mM[0;1;38;2;46;106;183mN[0;1;38;2;53;117;197m:[0;38;2;35;86;157m·[0m             [0;1;38;2;131;101;34m·[0;38;2;158;123;41m*[0;1;38;2;236;197;79m#[0;1;38;2;232;190;69m@[0;1;38;2;232;190;68m@[0;38;2;233;191;68m@[0;1;38;2;229;185;62m@[0;1;38;2;233;191;69m@[0;1;38;2;233;191;68m@[0;38;2;232;189;66m@[0;38;2;225;180;59m@[0;1;38;2;228;184;61m@[0;1;38;2;226;182;60m@[0;38;2;158;123;41m*[0;38;2;131;101;34m·[0m   [0m
   [0;1;38;2;53;117;197m:[0;1;38;2;47;106;184mN[0;1;38;2;81;151;223mN[0;1;38;2;85;156;226mM[0;1;38;2;89;161;230mИ[0;1;38;2;94;167;234mN[0;1;38;2;98;172;238mW[0;1;38;2;43;100;175mw[0;1;38;2;44;102;179mm[0;1;38;2;70;138;213mm[0;1;38;2;71;139;213mИ[0;1;38;2;45;103;180mN[0;1;38;2;51;113;193m'[0;1;38;2;49;110;189m·[0;1;38;2;73;141;215m:[0;1;38;2;92;165;233mM[0;1;38;2;88;160;229mW[0;1;38;2;84;155;226mm[0;1;38;2;81;151;222mN[0;1;38;2;47;107;184mw[0;1;38;2;46;105;182mW[0;1;38;2;28;72;140mm[0;1;38;2;46;105;182mN[0;1;3;38;2;36;88;160m·[0m            [0;38;2;131;101;34m·[0;38;2;158;123;41m+*[0;1;38;2;236;197;77m#[0;38;2;232;190;68m@[0;38;2;233;189;68m@[0;38;2;228;184;61m@[0;38;2;229;184;61m@[0;38;2;233;190;68m@[0;38;2;227;183;60m@[0;38;2;231;187;64m@[0;38;2;223;178;57m@[0;38;2;220;175;56m@[0;1;38;2;230;187;63m#[0;1;38;2;158;123;41m·[0m    [0m
    [0;1;38;2;38;90;163m-[0;1;38;2;51;115;194mN[0;1;38;2;90;162;231mm[0;1;38;2;94;167;234mM[0;1;38;2;98;172;238mN[0;1;38;2;102;175;239mW[0;1;38;2;69;136;211mw[0;1;38;2;45;103;180mm[0;1;3;38;2;45;103;180ml[0;1;38;2;69;137;211mN[0;1;38;2;67;134;209mИ[0;1;38;2;64;130;207mN[0;1;38;2;46;105;182m-[0;1;38;2;43;100;176m·[0;1;38;2;52;116;196mN[0;1;38;2;83;153;224mm[0;1;38;2;79;149;221mW[0;1;38;2;77;146;219mW[0;1;38;2;45;104;180mNM[0;1;38;2;46;105;182mN[0;1;38;2;48;108;186mM[0;1;38;2;50;113;192mN[0;1;38;2;42;98;173m·[0;1;38;2;45;103;180m.[0m          [0;38;2;144;112;37m·+[0;1;38;2;158;123;41m*[0;1;38;2;236;196;76m#[0;1;38;2;232;189;68m@[0;1;38;2;236;195;75m@[0;1;38;2;227;183;60m@@[0;1;38;2;232;189;65m@[0;1;38;2;231;187;64m@[0;1;38;2;229;185;61m@[0;1;38;2;221;175;56m@[0;1;38;2;230;186;62m#[0;38;2;144;112;37m*·[0m    [0m
    [0;1;3;38;2;62;128;205m·[0;1;38;2;55;120;199mN[0;1;38;2;59;125;203mM[0;1;38;2;98;172;238mM[0;1;38;2;101;175;239mИ[0;1;38;2;104;177;240mw[0;1;38;2;105;178;240mW[0;1;38;2;105;177;240mm[0;1;38;2;68;135;210mи[0;1;38;2;42;99;174mw[0;1;38;2;62;128;205mN[0;1;38;2;38;91;164mN[0;1;38;2;42;98;173m.[0;38;2;95;169;236m·[0;38;2;57;122;200m:[0;1;38;2;77;147;219mM[0;1;38;2;75;144;217mИw[0;1;38;2;76;145;218mm[0;1;38;2;78;148;220mN[0;1;38;2;49;111;189mN[0;1;38;2;34;84;155mM[0;1;38;2;57;122;201mm[0;1;38;2;62;129;205mM[0;1;38;2;77;147;219m'[0;1;3;38;2;51;114;194m·[0m        [0;1;38;2;131;101;34m·[0;38;2;144;112;37m·[0;38;2;158;123;41m*[0;1;38;2;236;196;76m#[0;1;38;2;232;190;68m@[0;1;38;2;236;195;75m@[0;1;38;2;231;188;65m@[0;1;38;2;231;188;64m@[0;38;2;225;180;59m@[0;1;38;2;230;186;62m@[0;1;38;2;223;178;57m@[0;1;38;2;227;182;60m@[0;1;38;2;219;173;55m@[0;1;38;2;228;184;61m#[0;38;2;158;123;41m+[0;38;2;131;101;34m·[0m    [0m
    [0;38;2;43;99;174m·[0;1;38;2;70;138;212m:[0;1;38;2;63;129;206mN[0;1;38;2;101;174;239mm[0;1;38;2;103;176;239mW[0;1;38;2;104;177;240mww[0;1;38;2;102;175;239mN[0;1;38;2;64;130;207mN[0;1;38;2;39;93;166mM[0;1;3;38;2;36;88;160mи[0;1;38;2;33;83;153mw[0;1;38;2;31;78;147mM[0;1;38;2;89;161;229m·[0;1;38;2;51;115;195m:[0;1;38;2;44;102;178mN[0;1;38;2;75;144;217mM[0;1;38;2;77;146;219mW[0;1;38;2;81;151;222mm[0;1;38;2;86;158;227mV[0;1;38;2;92;164;232mN[0;1;38;2;62;128;205mm[0;1;38;2;43;99;174mN[0;1;38;2;68;136;211mw[0;1;38;2;44;101;177mm[0;38;2;42;99;174mN[0;38;2;72;140;214m·[0m      [0;3;38;2;131;101;34m·[0;38;2;158;123;41m·+[0;1;38;2;235;196;74m#[0;1;38;2;231;189;67m@[0;1;38;2;232;188;66m@[0;1;38;2;231;188;64m@[0;1;38;2;230;186;62m@[0;1;38;2;229;185;61m@[0;1;38;2;228;184;61m@[0;1;38;2;227;183;60m@[0;1;38;2;226;182;60m@[0;1;38;2;225;180;59m@[0;1;38;2;229;185;61m#[0;38;2;158;123;41m*[0;38;2;144;112;37m·[0m     [0m
     [0;1;38;2;110;182;241m.[0;1;38;2;65;132;208mN[0;1;38;2;103;176;239mMИ[0;1;38;2;102;175;239mW[0;1;38;2;100;173;238mW[0;1;38;2;96;169;236mN[0;1;38;2;91;164;232mN[0;1;38;2;52;116;195mN[0;1;38;2;49;110;189mM[0;1;3;38;2;46;106;183mm[0;1;38;2;44;102;179mw[0;1;38;2;26;69;136mM[0;1;38;2;85;156;226m·[0;1;38;2;45;104;181mN[0;1;38;2;81;151;222mM[0;1;38;2;86;157;227mW[0;1;38;2;92;165;232mW[0;1;38;2;97;171;237mW[0;1;38;2;101;175;239mN[0;1;38;2;68;135;210mM[0;1;38;2;43;100;175mm[0;1;38;2;63;129;206mw[0;1;38;2;37;90;162mи[0;1;38;2;51;114;194mM[0;1;38;2;47;108;185mN[0;1;38;2;33;83;154m·[0m     [0;1;38;2;131;101;34m·[0;38;2;158;123;41m+*[0;1;38;2;235;194;73m#[0;1;38;2;226;182;60m#[0;38;2;231;187;64m@[0;38;2;223;178;58m@[0;38;2;227;183;60m@[0;38;2;226;181;59m@[0;38;2;220;174;55m@[0;38;2;225;180;59m@[0;38;2;219;173;55m@[0;1;38;2;230;185;62m#[0;38;2;158;123;41m*[0;1;38;2;158;123;41m·[0;1;38;2;131;101;34m·[0m     [0m
     [0;38;2;49;111;189m·[0;1;38;2;115;185;242m.[0;1;38;2;66;134;209mN[0;1;38;2;100;173;238mW[0;1;38;2;96;170;236mW[0;1;38;2;92;164;232mW[0;1;38;2;87;158;228mw[0;1;38;2;81;152;223mW[0;1;38;2;77;146;219mN[0;1;38;2;44;102;178mN[0;1;38;2;25;68;135mw[0;1;3;38;2;44;101;177ml[0;1;38;2;27;72;140mm[0;1;38;2;57;122;201m·[0;38;2;98;172;238m.[0;1;38;2;58;123;201mN[0;1;38;2;98;172;238mM[0;1;38;2;102;175;239mmw[0;1;38;2;99;173;238mm[0;1;38;2;94;168;235mN[0;1;38;2;88;160;229mN[0;1;38;2;48;110;188mm[0;1;38;2;27;72;139mm[0;1;38;2;43;100;176mm[0;1;3;38;2;43;101;176mИ[0;1;38;2;28;73;141mN[0;1;38;2;38;91;164m~[0;3;38;2;43;99;174m·[0m [0;38;2;131;101;34m·[0;1;38;2;131;101;34m·[0;38;2;158;123;41m*[0;1;38;2;158;123;41m*[0;1;38;2;234;192;70m##[0;1;38;2;224;179;58m#[0;1;38;2;222;177;57m@[0;1;38;2;226;182;60m@[0;1;38;2;219;173;55m@[0;1;38;2;223;178;58m@[0;1;38;2;218;171;54m@[0;38;2;218;171;54m@[0;1;38;2;229;185;61m#[0;38;2;158;123;41m*[0;38;2;144;112;37m·[0;1;38;2;131;101;34m·[0m      [0m
      [0;1;38;2;112;183;242m.[0;1;38;2;61;127;204mN[0;1;38;2;91;164;232mM[0;1;38;2;86;157;227mM[0;1;38;2;80;151;222mи[0;1;38;2;76;145;218mw[0;1;38;2;73;141;215mW[0;1;38;2;72;140;214mN[0;1;38;2;73;141;215mN[0;1;38;2;77;146;218mm[0;1;38;2;49;111;189mM[0;1;38;2;35;86;157mw[0;1;38;2;39;92;165mN[0;1;38;2;75;144;217m·[0;1;38;2;114;185;242m.[0;1;38;2;65;132;208mN[0;1;3;38;2;96;169;236mИ[0;1;38;2;90;162;231mW[0;1;38;2;83;154;224mm[0;1;38;2;77;146;218mm[0;1;38;2;72;141;215mN[0;1;38;2;72;140;214mN[0;1;38;2;26;70;137mM[0;1;38;2;30;76;145mM[0;1;38;2;34;84;155mw[0;1;38;2;38;92;165mm[0;1;38;2;41;97;172mM[0;1;38;2;43;99;175mN[0;1;38;2;48;109;187m·[0;1;38;2;131;101;34m·[0;38;2;144;112;37m·[0;38;2;158;123;41m+[0;1;38;2;232;189;66m###[0;1;38;2;232;189;65m#[0;1;38;2;231;188;64m#[0;1;38;2;230;186;62m#[0;1;38;2;229;184;61m#[0;1;38;2;228;183;60m#[0;1;38;2;227;183;60m#[0;1;38;2;228;183;60m#[0;1;38;2;227;183;60m#[0;38;2;158;123;41m*[0;1;38;2;131;101;34m·[0;38;2;130;101;34m·[0m      [0m
       [0;1;38;2;95;169;236m.[0;1;38;2;47;107;184mN[0;1;38;2;74;143;216mN[0;1;38;2;71;139;214mm[0;1;38;2;71;139;213mw[0;1;38;2;73;142;215mv[0;1;38;2;78;148;220mw[0;1;38;2;84;155;225mW[0;1;38;2;91;163;231mN[0;1;38;2;96;170;236mW[0;1;38;2;65;131;208mN[0;1;38;2;42;98;173mw[0;1;38;2;40;95;169mи[0;38;2;37;89;161mN[0;38;2;61;126;204m·[0;1;38;2;54;118;198m.[0;1;38;2;73;141;215mN[0;1;38;2;71;139;213mm[0;1;38;2;72;141;215mW[0;1;38;2;77;147;219mV[0;1;38;2;84;155;225mm[0;1;3;38;2;91;164;232ml[0;1;38;2;97;171;237mN[0;1;38;2;42;98;173mM[0;1;38;2;42;97;172mm[0;1;38;2;39;93;166mw[0;1;3;38;2;35;86;157mИ[0;1;38;2;31;78;147mN[0;1;38;2;131;101;34m·-[0;1;38;2;158;123;41m***[0;38;2;144;112;37m=[0;1;38;2;158;123;41m++[0;1;38;2;228;183;61m#[0;1;38;2;227;182;60m#[0;1;38;2;226;181;59m#[0;1;38;2;158;123;41m+*[0;38;2;131;101;34m*[0;1;38;2;130;101;34m·[0;1;38;2;130;100;34m·[0m       [0m
        [0;38;2;81;151;223m.[0;1;38;2;42;98;174mN[0;1;38;2;74;143;216mM[0;1;38;2;80;150;222mИ[0;1;38;2;87;159;228mN[0;1;38;2;93;166;234mm[0;1;38;2;98;172;238mW[0;1;38;2;100;173;238mN[0;1;3;38;2;98;171;238ml[0;1;38;2;93;166;233mN[0;1;38;2;86;157;227mN[0;1;38;2;29;75;144mW[0;1;38;2;26;69;136mw[0;1;38;2;31;78;147m~[0;38;2;49;110;189m.[0;1;38;2;86;157;227m:[0;1;3;38;2;81;152;223mИ[0;1;38;2;89;161;229mm[0;1;38;2;95;168;235mm[0;1;38;2;99;173;238mWv[0;1;3;38;2;96;169;236mm[0;1;38;2;90;162;231mW[0;1;38;2;83;153;224mN[0;1;38;2;27;72;140mw[0;1;38;2;43;99;174mW[0;1;38;2;24;66;131mN[0;1;38;2;25;67;134mM[0;1;38;2;28;72;140mN[0;1;3;38;2;38;91;164m~[0;38;2;131;101;34m·‡[0;1;38;2;144;112;37m-[0;1;38;2;158;123;41m*[0;38;2;158;123;41m+++[0;1;38;2;144;111;37m*[0;1;38;2;131;101;34m-[0;1;38;2;130;101;34m'[0;1;38;2;130;100;34m·[0m         [0m
         [0;38;2;94;168;235m.[0;38;2;66;133;209m:[0;1;38;2;61;127;204mN[0;1;38;2;98;172;238mNm[0;1;38;2;94;167;234mw[0;1;38;2;87;159;228mw[0;1;38;2;80;150;222mW[0;1;38;2;74;142;216mv[0;1;38;2;70;138;212mw[0;1;38;2;69;137;212mW[0;1;38;2;43;100;176mN[0;1;38;2;47;107;184mM[0;1;38;2;33;83;154mN[0;38;2;104;177;240m.[0;1;38;2;110;181;241m:[0;1;38;2;99;172;238mm[0;1;38;2;96;170;236mM[0;1;38;2;91;164;232mW[0;1;38;2;84;155;226mm[0;1;38;2;77;147;219mW[0;1;38;2;72;140;214mW[0;1;38;2;69;137;212mN[0;1;38;2;70;138;212mi[0;1;38;2;73;142;215mN[0;1;38;2;29;75;143mw[0;1;38;2;33;82;152mW[0;1;38;2;56;121;200mN[0;1;38;2;39;94;167mM[0;1;38;2;41;96;171mN[0;1;38;2;48;108;186m~[0;1;38;2;72;140;214m.[0;1;38;2;131;101;34m·[0;38;2;131;101;34m**[0;38;2;130;101;34m*[0;1;38;2;130;100;34m·[0;38;2;130;100;34m··[0m          [0m
          [0;38;2;74;142;216m·[0;1;38;2;106;179;240m.[0;1;38;2;54;118;197mN[0;1;38;2;81;152;223mm[0;1;38;2;44;102;179mM[0;1;38;2;70;138;212mm[0;1;38;2;41;96;170mv[0;1;38;2;71;139;213mw[0;1;38;2;76;145;218mw[0;1;38;2;83;154;224mw[0;1;38;2;90;162;231mW[0;1;38;2;95;169;236mw[0;1;38;2;63;129;206mW[0;1;38;2;62;128;205mm[0;1;38;2;37;90;163mm[0;1;3;38;2;51;115;195mm[0;1;38;2;47;108;185mw[0;1;38;2;44;101;177mw[0;1;38;2;41;97;172mm[0;1;38;2;41;96;170mw[0;1;38;2;42;98;173mw[0;1;38;2;45;103;179mw[0;1;38;2;48;109;187mw[0;1;38;2;52;116;196mN[0;1;38;2;57;122;201mN[0;1;38;2;61;127;204mm[0;1;38;2;63;129;206mw[0;1;38;2;62;128;205mw[0;1;38;2;39;92;165mN[0;1;38;2;36;87;159mw[0;1;38;2;33;82;152mN[0;1;38;2;29;76;145mw[0;1;3;38;2;27;71;138mm[0;1;38;2;31;79;148m~[0;1;38;2;30;76;145m~[0;1;38;2;47;108;185m.[0;38;2;30;77;146m.[0;1;38;2;32;80;150m.[0m          [0m
           [0;38;2;34;83;154m·[0;38;2;81;151;222m.[0;38;2;29;75;143m.[0;1;38;2;24;65;130mN[0;1;38;2;26;69;136mN[0;1;3;38;2;30;77;145ml[0;1;38;2;34;84;155mN[0;1;38;2;38;91;164mN[0;1;38;2;40;94;168mmN[0;1;38;2;38;91;164mN[0;1;38;2;35;85;156mm[0;1;38;2;31;78;147mN[0;1;38;2;27;71;138mN[0;38;2;24;66;132mi[0;1;38;2;23;64;128mN[0;1;38;2;23;64;129mu[0;1;38;2;24;67;133mN[0;1;38;2;27;72;140mm[0;1;3;38;2;31;78;148ml[0;1;3;38;2;34;85;156mi[0;1;38;2;37;90;163mN[0;1;38;2;39;94;167mm[0;1;3;38;2;40;95;169ml[0;1;38;2;40;94;168mm[0;1;3;38;2;38;91;164ml[0;1;38;2;35;86;158mN[0;1;38;2;32;81;151mm[0;1;38;2;29;76;144mN[0;1;38;2;27;71;138mN[0;1;38;2;24;67;133mN[0;1;3;38;2;23;64;129ml[0;1;38;2;23;64;128mN[0;38;2;23;64;128mi[0;1;38;2;24;66;131mm[0;1;3;38;2;25;69;135ml[0;1;38;2;34;85;156m~[0;38;2;37;89;162m.[0m         [0m
               [0;1;3;38;2;43;100;175m·[0;3;38;2;46;105;181m·[0;1;38;2;46;106;183m.[0;1;3;38;2;45;104;181m·[0;1;3;38;2;43;99;174m·[0;3;38;2;39;93;166m·[0;3;38;2;35;85;157m·[0;3;38;2;32;79;149m·[0;1;3;38;2;29;75;144m·[0;1;3;38;2;28;74;142m·[0;3;38;2;29;75;144m·[0;3;38;2;31;79;149m·[0;1;3;38;2;34;85;156m·[0;1;3;38;2;38;91;164m·[0;38;2;41;97;171m·[0;38;2;44;102;178m·[0;1;3;38;2;46;105;182m·[0;3;38;2;46;106;183m·[0;1;3;38;2;46;105;182m·[0;38;2;44;102;179m·[0;38;2;42;98;173m·[0;1;3;38;2;39;94;167m·[0;38;2;36;88;161m·[0;1;3;38;2;34;83;154m·[0;3;38;2;31;79;149m·[0;1;3;38;2;30;76;145m·[0;1;3;38;2;29;74;143m·[0;1;3;38;2;29;74;142m·[0;1;3;38;2;29;75;144m·[0;38;2;30;77;147m·[0m             [0m
